1 10.214 0.000
2 9.827 0.556
3 8.666 1.229
4 9.381 0.437
5 8.906 0.710
6 8.675 1.450
7 7.327 0.940
8 7.283 1.063
9 7.078 1.287
10 6.681 1.415
11 5.660 1.514
12 5.809 1.337
13 5.630 2.407
14 5.544 1.097
15 4.868 2.098
16 5.177 1.430
17 5.012 1.879
18 4.798 1.732
19 4.244 2.060
20 4.525 2.087
21 4.581 1.626
22 4.201 1.977
23 4.060 1.747
24 4.068 1.774
25 3.855 1.839
26 3.903 2.011
27 3.504 1.981
28 3.566 1.883
29 3.447 1.874
30 3.513 1.684
31 3.242 1.935
32 3.158 2.193
33 3.224 1.720
34 2.947 1.602
35 2.954 1.633
36 2.615 1.631
37 2.526 1.541
38 2.210 1.583
39 2.451 1.663
40 2.475 1.624
41 2.525 1.568
42 2.471 1.608
43 2.990 1.825
44 2.798 1.666
45 2.703 1.917
46 2.838 1.930
47 2.600 1.957
48 2.393 1.935
49 2.629 1.939
50 2.599 2.049
51 2.473 1.807
52 2.503 1.886
53 2.475 1.794
54 2.311 1.927
55 2.389 1.802
56 2.262 1.960
57 2.365 1.855
58 2.403 1.902
59 2.205 1.849
60 2.299 1.806
61 2.258 1.878
62 2.203 1.821
63 2.229 1.844
64 2.127 1.750
65 1.906 1.624
66 2.129 1.851
67 2.097 1.816
68 2.010 1.796
69 2.056 1.882
70 1.935 1.786
71 1.980 1.786
72 2.086 1.816
73 1.891 1.651
74 2.098 1.802
75 1.979 1.726
76 2.037 1.824
77 1.834 1.762
78 1.858 1.556
79 1.661 1.516
80 1.614 1.619