1 10.214
2 9.827
3 8.666
4 9.381
5 8.906
6 8.675
7 7.327
8 7.283
9 7.078
10 6.681
11 5.660
12 5.809
13 5.630
14 5.544
15 4.868
16 5.177
17 5.012
18 4.798
19 4.244
20 4.525
21 4.581
22 4.201
23 4.060
24 4.068
25 3.855
26 3.903
27 3.504
28 3.566
29 3.447
30 3.513
31 3.242
32 3.158
33 3.224
34 2.947
35 2.954
36 2.615
37 2.526
38 2.210
39 2.451
40 2.475
41 2.525
42 2.471
43 2.990
44 2.798
45 2.703
46 2.838
47 2.600
48 2.393
49 2.629
50 2.599
51 2.473
52 2.503
53 2.475
54 2.311
55 2.389
56 2.262
57 2.365
58 2.403
59 2.205
60 2.299
61 2.258
62 2.203
63 2.229
64 2.127
65 1.906
66 2.129
67 2.097
68 2.010
69 2.056
70 1.935
71 1.980
72 2.086
73 1.891
74 2.098
75 1.979
76 2.037
77 1.834
78 1.858
79 1.661
80 1.614
81 1.674
82 1.602
83 1.697
84 1.717
85 1.739
86 1.804
87 1.597
88 1.618
89 1.622
90 1.641
91 1.571
92 1.671
93 1.524
94 1.561
95 1.601
96 1.570
97 1.551
98 1.579
99 1.395
100 1.393