1 15.366 0.000
2 11.858 1.073
3 12.187 1.599
4 9.055 2.048
5 9.964 2.975
6 9.510 1.344
7 8.622 2.703
8 8.011 2.725
9 7.655 2.312
10 7.015 1.159
11 7.350 1.944
12 6.578 1.315
13 5.547 1.622
14 5.767 1.420
15 5.258 2.403
16 5.032 1.841
17 5.231 1.741
18 4.770 1.917
19 4.633 1.902
20 4.500 1.676
21 4.422 2.064
22 4.448 1.840
23 4.661 1.687
24 4.524 1.769
25 4.181 2.149
26 3.984 1.628
27 4.228 2.034
28 4.590 1.662
29 4.165 2.053
30 3.494 2.204
31 3.949 2.206
32 3.762 1.995
33 3.294 1.777
34 3.847 1.543
35 3.547 2.040
36 3.390 1.994
37 3.188 1.858
38 3.002 1.710
39 3.508 1.909
40 3.133 1.788
41 3.493 1.945
42 3.484 2.030
43 2.931 1.915
44 3.095 1.955
45 2.689 1.651
46 2.615 1.696
47 2.589 1.484
48 2.667 1.818
49 2.716 1.681
50 2.758 1.711
51 2.462 1.442
52 2.828 2.025
53 2.753 1.793
54 2.622 2.153
55 2.718 1.826
56 2.690 1.816
57 2.567 2.038
58 2.458 2.051
59 2.432 2.019
60 2.354 1.786
61 2.648 1.781
62 2.553 2.159
63 2.448 2.028
64 2.339 1.878
65 2.579 1.968
66 2.250 1.809
67 2.397 1.713
68 2.121 1.891
69 2.312 1.890
70 2.406 1.910
71 2.344 1.870
72 2.146 1.841
73 2.131 1.608
74 2.294 1.624
75 2.119 1.852
76 2.062 1.846
77 2.022 1.744
78 2.096 1.642
79 2.008 1.707
80 2.025 1.658