100.0
100.0
100.0
100.0
100.0
99.0
99.0
94.7
90.0
77.3
75.0
71.1
70.6
68.6
74.2
71.1
68.7
70.1
76.6
78.8
87.2
85.8
91.1
91.2
94.6
93.5
90.0
80.9
75.4
74.2
79.5
60.2
86.8
86.1
91.1
82.2
85.7
81.7
88.2
82.5
81.2
83.6
93.6
88.2
85.2
93.7
89.6
89.9
88.1
86.0
80.8
87.0
82.0
86.0
94.3
89.4
81.0
80.1
78.5
87.8
92.9
93.9
93.3
96.8
91.8
92.4
81.0
75.7
71.4
73.4
68.7
69.6
82.1
87.0
90.0
74.1
70.1
83.5
82.1
89.5
80.1
79.8
80.6
81.9
80.1
71.1
93.4
75.4
72.1
68.7
65.7
61.3
56.4
67.6
72.9
66.3
69.9
79.7
83.6
78.5
78.8
82.5
83.6
79.9
78.6
85.4
77.5
78.7
74.1
72.2
67.0
70.2
90.1
94.4
81.4
79.4
81.0
79.9
78.1
78.5
81.7
81.3
79.1
73.1
72.6
66.6
57.5
54.0
59.4
53.4
53.5
59.4
57.3
57.0
64.3
70.8
70.6
78.5
86.0
73.3
65.9
63.1
58.4
54.2
65.6
71.9
73.2
78.4
67.7
71.9
58.9
67.7
77.0
63.4
61.3
66.4
74.3
75.7
78.6
79.4
83.5
78.5
81.4
86.8
79.3
80.3
72.0
80.4
79.1
77.4
71.7
77.3
67.9
66.3
69.7
75.6
66.7
68.0
75.3
73.9
77.5
81.7
82.5
79.6
81.8
84.1
86.8
80.1
69.7
57.2
44.3
41.4
43.8
47.1
41.6
42.0
46.2
41.2
43.6
34.5
29.2
18.5
20.4
14.9
