8951156736
9078136832
8969650176
8973639680
8862081024
8833372160
8803946496
8798109696
8792461312
8781389824
8768045056
8741408768
8661139456
8644714496
8626663424
8725258240
8783863808
8819462144
8861900800
8904966144
8948539392
8938229760
8911732736
8841965568
8928100352
8794673152
8822669312
8885194752
8915070976
8890523648
8868753408
8827031552
8703033344
8730234880
8777445376
8793890816
8760115200
8647942144
8564449280
8530259968
8528392192
8533737472
8474537984
8528674816
8529977344
8511037440
8498520064
8492695552
8480485376
8479625216
8436621312
8428122112
8411664384
8405811200
8383111168
8372518912
8325033984
8358019072
8279576576
8312942592
8336576512
8344227840
8272461824
8255455232
8250249216
8183431168
8105250816
8140230656
8148910080
8177274880
8210391040
8241860608
8237404160
8213225472
8204402688
8194109440
8129171456
8126357504
8156561408
8180842496
8196026368
8161087488
8190775296
8222552064
8231084032
8230940672
8231428096
8228560896
8216793088
8208977920
8191078400
8191221760
8152977408
8180121600
8176173056
8169893888
8162684928
8153088000
8123764736
8151560192
8134922240
8114954240
8104243200
8011821056
8020287488
8027463680
7943168000
7958638592
7964540928
7990538240
8013254656
7991480320
8094552064
8047185920
8080973824
8114233344
8131067904
8094306304
8122437632
8121597952
8076656640
8150896640
8235732992
8241872896
8206512128
8167305216
8118820864
8079863808
8002277376
7963049984
7961706496
7972003840
