100.0
98.6
99.7
99.8
100.0
99.9
100.0
99.8
99.4
99.5
99.7
99.5
99.8
99.5
100.0
99.4
99.6
99.5
99.6
99.8
100.0
99.6
99.6
99.7
99.6
99.9
99.6
99.4
99.5
99.6
100.0
99.9
99.6
99.9
100.0
99.1
99.4
99.7
99.9
100.0
99.1
99.7
99.4
99.4
99.4
99.7
99.1
99.6
99.6
99.6
99.6
99.5
99.5
99.5
99.4
99.8
99.1
99.3
99.6
99.6
99.6
99.5
99.8
99.3
99.5
99.4
99.6
99.4
99.8
99.4
99.8
99.6
99.4
99.7
99.8
99.6
99.4
99.5
99.0
99.9
99.1
99.5
99.9
99.2
99.6
99.6
99.8
99.3
99.7
99.5
99.5
99.6
99.5
99.4
99.5
99.4
99.3
99.5
99.4
98.8
98.8
99.0
99.0
99.0
99.7
99.5
99.3
99.5
99.4
99.6
99.6
99.4
99.6
99.8
99.5
99.6
99.5
99.8
99.2
99.4
99.8
99.5
99.1
99.1
99.5
99.6
99.0
92.3
82.5
68.5
60.3
49.1
