8032473088
8210190336
8229011456
8246661120
8247009280
8247889920
8234889216
8216166400
8208965632
8198225920
8170381312
8128585728
8076558336
8029224960
8023969792
8025186304
8004829184
7995211776
8114982912
8096755712
8129220608
8168415232
8210067456
8214728704
8243154944
8314593280
8349945856
8341872640
8304062464
8296808448
8283705344
8285790208
8294207488
8276549632
8232300544
8233517056
8250085376
8248217600
8216055808
8280264704
8292921344
8253075456
8262148096
8289882112
8324378624
8275836928
8300019712
8331546624
8385208320
8449429504
8339759104
8391147520
8415166464
8444420096
8522264576
8552800256
8499007488
8454279168
8491597824
8497741824
8594894848
8598507520
8625803264
8659918848
8704016384
8720662528
8735186944
8763977728
8786554880
8797540352
8816705536
8836431872
8863891456
8900161536
8896299008
8890519552
8854986752
8865378304
8758591488
8761368576
8795148288
8827568128
8706633728
8732524544
8680914944
8704122880
8655699968
8676913152
8703590400
8720928768
8720887808
8710086656
8728367104
8766898176
8789659648
8813617152
8839835648
8866164736
8891142144
8807063552
8827129856
8792109056
8819597312
8846602240
8876400640
8862216192
8865984512
8861827072
8825696256
8762658816
8778092544
8802779136
8811687936
8835067904
8848285696
8938397696
8939347968
8914415616
8897134592
8887697408
8814514176
8855089152
8878755840
8935219200
8913317888
8933728256
8919900160
8938311680
8917372928
8938876928
8929812480
8924119040
8920113152
8917159936
8910942208
8859852800
8802136064
8827580416
8843968512
8841498624
8840007680
8828805120
8666238976
8673320960
8701140992
8732340224
8754569216
8763834368
8687190016
8712179712
8736690176
8753418240
8831926272
8879456256
8852979712
8875843584
8869584896
8825737216
8849747968
8847659008
8811098112
8823283712
8800542720
8814448640
8778760192
8806457344
8832798720
8851124224
8877637632
8875757568
8855441408
8865234944
8884932608
8908058624
8915832832
8892555264
8914628608
8909983744
8896335872
8892821504
8836173824
8836853760
8836345856
8749174784
8788361216
8799567872
8685109248
8694267904
8709386240
8709537792
8729321472
8725622784
8696860672
8691384320
