0.0
100.0
100.0
100.0
100.0
100.0
100.0
100.0
97.3
81.2
70.8
78.8
87.0
90.0
85.6
87.7
93.5
96.6
97.4
96.6
98.3
96.6
92.0
86.7
86.7
80.6
63.9
90.7
91.8
84.2
86.8
91.6
91.5
85.6
82.5
78.6
93.9
98.5
94.0
91.5
83.6
86.6
93.8
94.3
90.2
88.1
89.3
84.8
80.6
95.1
97.8
96.7
99.6
98.9
98.6
98.6
98.1
97.4
98.9
98.3
91.4
93.5
90.2
84.5
87.7
89.1
93.8
87.3
85.7
82.1
79.5
65.3
82.8
93.1
84.6
90.0
87.2
85.3
83.0
84.6
96.6
85.4
82.9
94.0
88.5
90.4
92.6
96.6
92.8
87.0
91.2
88.5
85.9
86.3
90.9
81.9
81.9
89.9
95.9
89.3
83.5
98.6
94.8
100.0
100.0
99.9
95.1
92.5
94.9
83.7
83.4
84.9
87.9
86.0
84.3
94.3
85.1
85.3
82.9
83.9
77.2
90.7
92.5
86.6
86.8
95.4
97.4
99.9
97.5
96.1
97.9
97.1
94.0
94.4
84.1
88.8
83.3
79.9
84.7
75.7
70.6
66.2
65.1
78.7
77.0
74.7
80.9
89.0
91.3
92.7
96.3
98.7
100.0
99.3
96.3
96.5
96.6
98.6
96.9
78.8
83.7
82.8
83.0
85.8
88.3
94.0
95.5
95.9
94.5
93.8
94.0
86.5
87.4
85.5
87.5
91.0
92.6
88.7
83.4
81.5
89.7
90.0
88.3
72.6
61.1
64.5
54.0
61.1
50.7
42.5
37.2
42.0
42.2
38.0
