1 12023493.703
2 11702787.540
3 11597007.800
4 10897508.462
5 10001164.493
6 9597089.238
7 8178971.972
8 7668898.012
9 7421500.175
10 7727138.921
11 6850381.291
12 6937867.165
13 7196277.881
14 7829316.500
15 7538125.188
16 6857323.831
17 7290613.398
18 7096565.686
19 6938988.500
20 7156224.810
21 6991266.740
22 7079398.244
23 6628348.952
24 7341862.893
25 7051830.113
26 7043186.029
27 7135007.991
28 7129720.692
29 7138229.195
30 7082575.876
31 7305717.541
32 6933633.447
33 6859668.920
34 6941946.353
35 7081190.567
36 6911217.443
37 6818739.571
38 7226523.290
39 6852871.107
40 7085647.116
41 7378311.526
42 7261751.326
43 7338061.862
44 7031600.424
45 6606474.916
46 7201530.426
47 7198354.006
48 7315929.387
49 7846225.794
50 7417625.239
51 7274817.210
52 7477959.958
53 7192857.636
54 6870358.428
55 6758192.254
56 6789164.131
57 6996208.212
58 7125553.377
59 6673408.653
60 6828450.630
61 7015207.724
62 7438727.033
63 7383035.158
64 7328239.691
65 7374001.987
66 7806255.789
67 6708928.268
68 7122763.553
69 6630974.583
70 7597628.352
71 7126914.328
72 7444641.870
73 7774410.035
74 7466390.118
75 7572516.727
76 7142569.030
77 7375513.140
78 7760099.552
79 7585856.612
80 7348657.106
81 7250499.397
82 7331061.549
83 7271954.791
84 7183510.862
85 7220757.095
86 6947374.298
87 6728231.368
88 6923641.351
89 6797119.653
90 6848446.503
91 7142187.751
92 7392587.300
93 6976972.759
94 6756665.340
95 7318654.871
96 6972633.295
97 7298183.155
98 7184190.813
99 7222773.979

