9766641664
9792282624
9785827328
9808805888
9824739328
9824370688
9829212160
9828352000
9820307456
9809498112
9799401472
9795903488
9790943232
9788571648
9779634176
9778208768
9777037312
9774854144
9774452736
9771839488
9769992192
9700003840
9715007488
9733369856
9671028736
9667518464
9654530048
9656827904
9578262528
9605599232
9625870336
9534623744
9625317376
9661272064
9717424128
9740513280
9753661440
9758142464
9752797184
9761927168
9756164096
9742950400
9645592576
9678524416
9585700864
9610559488
9646092288
9680437248
9689174016
9730560000
9748606976
9738141696
9693327360
9681657856
9668853760
9670184960
9664081920
9663086592
9603854336
9628401664
9656717312
9650749440
9669988352
9671725056
9681190912
9682206720
9684156416
9686568960
9676496896
9611821056
9573908480
9593737216
9581449216
9562271744
9571745792
9514115072
9463095296
9500454912
9527541760
9549541376
9575694336
9530241024
9553977344
9578319872
9579233280
9579008000
9625251840
9621565440
9590005760
9605791744
9612566528
9611517952
9528987648
9553928192
9575219200
9600626688
9609355264
9511600128
9535512576
9563238400
9587367936
9525780480
9553805312
9578147840
9603596288
9554178048
9552498688
9542402048
9538445312
9535836160
9534046208
9530601472
9453383680
9473437696
9496805376
9503219712
9500749824
9499140096
9499017216
9498820608
9498042368
9493749760
9493622784
9497800704
9496678400
9494089728
9497317376
9495150592
9492328448
9494847488
9494478848
9493139456
9492660224
9495371776
9404952576
9394462720
9292075008
9319858176
9347063808
9375825920
9399758848
9425518592
9445601280
9470115840
9420914688
9443274752
9397387264
9423118336
9446432768
9471086592
9494384640
9353535488
9376759808
9400946688
9424302080
9451352064
9475985408
9378127872
9404145664
9429192704
9405263872
9432723456
9458675712
9484754944
9486843904
9475993600
9471131648
9410584576
9443545088
9466109952
9470246912
9454637056
9453309952
9456111616
9447284736
9441320960
9435435008
9411366912
9353359360
9320448000
9346621440
9373089792
9393397760
9385037824
9381318656
9329631232
9336041472
9360683008
9368522752
9331228672
9306513408
9323556864
9343107072
9362690048
9365413888
9369391104
9368313856
9366511616
9365508096
9298153472
9308725248
9284620288
9289838592
9296510976
